100010336
100161266
100161952
100162370
100165075
100172872
100177778
100179090
100179222
100187025
100189378
100190498
100191387
100198064
100198334
100198644
100202247
100211635
100218964
100218993
100219060
100219162
100219266
100219311
100219640
100226395
100227669
100251470
100281294
100286172
100902203
100904863
100907186
101353608
10203798
102305735
102316252
102322199
10235865
10235975
10236375
10236721
10236732
102895066
103105717
103253500
104162705
105155222
10638270
106388020
10651254
10651979
10660698
10970700
109786483
117589
11835349
11929043
120688673
120697563
121885360
12198191
12200582
12276017
12346741
12349897
12354302
12398599
124145664321405170007
12661193
12661252
12693523
12693893
12693974
13105463
13106750/
13111908
1336166
1361583
13667918
13960566
13997909
143824413
146506422
14658898
14660655
14663398
14759878
14778504
14778618
1485145856949722920520
15116122
15123020
15159574
15159780
15159877
15160216
15204756
155570460
16017787
160582729
16066263
163516157
163862769
166435340
16654974
1693120
17113950
17114695
17144782948662850785
17218101
17226855
17232779
172518861
172627752
173499096
175229436
175552560
17561765
17613674
17613833
17615215
17615682
17630526
177170095
178264888
178307060
178490045
180206366
18028323
180649646
182033907
183075760
183852674
184021475
184280456
184679300
184919981
185857523
186155006
18636329
188163525
188338022
190898102
191218401
191439325
193007070
193680747
194015388
195004361
195718548
19688718
19722038
198059759
19831430
19831889
198558110
20019638
20069226
20069411
20069513
2011092
201761089
203402485
207306528
208557399
209921270
211740330
214224002
214824791
215835200
2187365
219444609
220069970
22033030
22034436
22035346
22146457
22149024
22151393
222301390
224958933
22527549
22528345
22528822
22529654
22933701
22939238
230359822
231828969
232105749
232178284
232286287
232377471
23497389
23509947
2358858
2359574
241082057
244373221
24453849
24492327
24492888
24493397
24494242
24503099
24639786
246713928
246763674
2470550
24719906
24739090
2478602
247904680
2479624
2488798
2494235
24944749
24956954
24990199
24990229
24990582
24990650
24991076
249972350
250367776
250796368
250876211
250888845
250904798
251360547
252008288
25399669
256100116
25721768
25837492
258707754
25874723
259009768
26059568
261492478
261601822
262013133
262145669298005170004
262645254
262737778
262938015
2629440
263536101
264002293
264344179
264992460
265025711
265320527
266558598
266592111
267405622
267670410
267738833
268430344
268473208
268547728
268814081
268832579
268854049
269296274
2693450
26954460
26957047
27059664
27094698
27415711
27422228
27422360
27455245
27455428
27455542
27455975
27863792
280092172
2812438
281587708
28177952
281829495
281977013
282104028
2823954
282487381
282639091
284949402
2851524
28547729
2857704
2858115
2858307
2858459
2858526
2858952
286183838
286265178
286271160
286295377
2868011
287257072
287805725
288066149
288347616
288798148
290513376
291300320
291355691
292379778
293066652
29424997
294784551
29541174
29541502
29559625
29676447
29688624
297475745
29835535
29921063
29921085
300696721
300752131
301874210
302131429
302844407
30335844
30344893
30425
305392493
305392494
305392504
305392505
305392506
305392510
305392511
305392516
305392520
305392535
305392540
305392542
305392545
305392562
305392563
305392569
305392579
305392586
305392589
305392594
305392621
305392629
305392636
305392638
305863197
309695176
313239479
315536848
315683489
316488822
316750646
317199014
317274829
31741624
31888278
31978444
31992319
32115433
32343959
32352662
32385887
32386239
32386857
3266445
3278719
32790890
33986145
34347546
34451801
34491108
34576203
34594730
34801256
34810713
34810905
34811444
34860620
35264515
35281942
365838
36914132
36950880
36952961
37012417
37032906
37073404
37257036
37304382
37305086
37320285
37716196
37721887
38243171
3858535
38733419
38904371
39267906
39270897
39277501
39382430
39386818
39397405
39400585
39418212
39446776
39766484
39766506
39766677
39766961
39769658
398820
399154
41042466
41730791
41731788
41879107
41886212
42197018
42229983
42230937
42231049
42630594
42653810
44189149
44309345
44321823
44386110
44435588
44655240
44692031
44692077
44692238
44692303
44692595
44692737
44693035
45098544
45161799
4636148037708488350007
4636750
46652645
46655741
46656393
46768430
46796707
46929243
47152590
47152655
47153151
47153179
47153180
4753002
47555113
47559379
47563510
47569598
4820276
4820643
4821001
48291333
48517486
4905872
49118770
49118817
49119062
49209402
49228757
49234321
4934807
49368569
49462650
49580352
49614199
50295884
50579250
50892373
51405320
51461508
51580481
51581028
51583204
51665760
51704102
51706656
51872904
52080947
52081019
52082022
52485706
5283998
5317611
5321164
5356398
54042073
54143112
54163144
54194694
54299000
54504026
54536718
54536929
54536940
54537220
54537249
54537352
54539377
54546791
54952282
550149294303180521440
55085501
55453496
55518848
56500964
56501336
56580498
56605844
56635500
56720050
56968169
57001736
57001864
57018132
5736378
58124868
58608059
58662922
58854259
58971736
59077661
59090329
59092589
59092656
59182520
59199545
5940148947872254950006
59443320
59475555
59475691
59475806
5947595
59875293
59888289
60401117
60438563
61435650
61439056
61539765
61550437
61559914
61567549/
61583084
61634164
61901206
61941524
61941716
61958251
62127463
62342045
63017354
6352894
63537794
63726052
63749989
63899253
63900843
63975332
64012982
64014952
64016044
64047121
64142723
64358837
64395166
64395449
64395454
64395514
64395859
64395902
66358857
6636814
66462281
66468731
66499129
66593265
66817737
66855706
67260798
67261809
67261845
67269869
67271093
67284337
67531261
67706132
67710985
68376855
68819969
68822853
69053873
69276384
69286205
69286214
69286660
69320888
69321326
69321467
69321609
69331086
69721521
69725573
69742024
70576609
71281788
71281828
71282345
71282418
71284088
71284280
71367291
71392176
71400665
71401598
71414146
71745285
71750055
71784087
71786207
71801062
72188301
72190302
72200291
72430265
72751795/
7282122
7282864
7309730
73382755
73701279
73746189
73746221
73747844
73825464
73866222
7387920
7396281
7408676
7413288
74207825
74242024
74242484
74244737
74444
74649391
74649512
75319052
75379250
7540523
76127564
76206416
76206999
76207567
76209013
76294069
76306439
76319978
76326909
76380887
76706277
76706323
76706375
76708754
76723453
77044131
77107259
77130824
7728169
7741873
7742869
77648577
77679446
7774697
7774728
7775078
7775434
7775554
77901738
77945772
78186977
784145858106523022189
78625557
78670022
78670149
78747405
78769600
78822798
79038721
79039130
79039959
79060995
79068112
79068858
79139373
79139886
79196780
79254370
79254701
79255430
79397265
79398340
803256
803890
808398
8099277
811313
816358
8182724
83157548
84003200
84032760
84036175
84481982
84482165
84482177
84482453
84483276
84951025
84976347
85065079
85163539
85181438
85460819
87145543569196660003
87172361
87551705
87673996
87873347
87990970
88029539
88034428
88046472
88067472
88069141
88342447
88663747
88759462
88760546
88881025
88974739
89019137
89078643
89144582
89270968
89425654
89426632
89512766
89594750
89595978
89599270
89643029
89657091
89741484
89748436
89770781
89887759
9028232
90585003
90633393
90633449
90637919
90719515
92055226
92416118
92564474
92603565
9305148574373924430002
95147024
95147534
95148471
95156138
95221497
95230707
95243635
9569970
96284078
96533523
96539514
97105654
973145857145622922960
9738677
97631235
97746098
98118368
98247027
9843113
9865788
9867251
9875446
9881869
9882498
9898142
9919481
9921148574293724430001
9927322
997145856882922920267
99852885
